
﻿
Handles  NPM(K)    PM(K)      WS(K)     CPU(s)     Id  SI ProcessName                       
-------  ------    -----      -----     ------     --  -- -----------                       
    134       8     4412       7888              7804   0 AggregatorHost                    
    349      21    10200      30312       1.19  11372   1 ApplicationFrameHost              
    211      12     9652      16084       0.30   4792   0 audiodg                           
    253      18    17556      21616       8.63   1672   1 chrome                            
    318      33   178152      74404      12.98   1844   1 chrome                            
    430      10     7108       9120       0.53   1952   1 chrome                            
    414      40   257624     250256     203.47   2200   1 chrome                            
    312      25    33124      52448       1.91   2368   1 chrome                            
    442      36   171512     128152      65.89   2724   1 chrome                            
   3182     132   242312     327780   2,366.73   2804   1 chrome                            
    355      28    73256     103252      31.28   3120   1 chrome                            
    305      23    33932      62848       1.58   4352   1 chrome                            
   1664      78   518560     284596   2,832.70   4748   1 chrome                            
    262      25    65704      66652       2.91   5140   1 chrome                            
    453      37   175276     207004     175.09   5996   1 chrome                            
    407      33    90144     130616      12.69   6120   1 chrome                            
    294      23    32696      53512       1.80   6204   1 chrome                            
    317      23    32360      50760       0.63   6428   1 chrome                            
    550      44   255316     255124      82.50   7632   1 chrome                            
    389      23    48844      78796       5.16   8292   1 chrome                            
    601      26    36044      42220       2.88   8628   1 chrome                            
    270      21    28272      46644       0.38   9208   1 chrome                            
    409      29    95152     130040      34.66   9212   1 chrome                            
    566      48    40580      65824     358.42   9300   1 chrome                            
    402      50   404504     161612     246.05   9640   1 chrome                            
    296      23    53136      71004      12.19   9864   1 chrome                            
    345      23    29812      47276       1.48  10120   1 chrome                            
    498      49   273364     256780      49.66  10512   1 chrome                            
    407      47   405572     378544      90.09  10516   1 chrome                            
    339      26    49936      68324       2.84  10720   1 chrome                            
    420      50   414364     353120     167.48  10776   1 chrome                            
    437      36   166044     182136      45.73  11996   1 chrome                            
    308      18    14460      25300     367.31  12276   1 chrome                            
    325      27    84172      82148       9.06  12676   1 chrome                            
    537      56   792080     260972     115.92  12768   1 chrome                            
    303      22    36288      53908       0.56  13040   1 chrome                            
    363      28   151112     110916      11.53  13116   1 chrome                            
    325      27    81360      86080       6.73  13664   1 chrome                            
    408      38   240104     211548     273.97  13872   1 chrome                            
    382      30   125908     120528      34.20  14176   1 chrome                            
    408      36   122384     156776      19.67  16048   1 chrome                            
    326      22    32616      65916       1.34  16224   1 chrome                            
    470      39   240572     121464     125.83  16368   1 chrome                            
    225      18    21808      32932       0.05  17004   1 chrome                            
    145       7     1456       8484       0.03   9040   1 CompPkgSrv                        
    108       7     6236       4476              4220   0 conhost                           
    133       9     6536       6348              5480   0 conhost                           
    279      14     5228      15840      11.72  13716   1 conhost                           
    801      25     2164       4688               664   0 csrss                             
    837      26     3172       6336               804   1 csrss                             
    717      18     5648      22352      39.88   7444   1 ctfmon                            
    120       7     1136       4724              2532   0 dasHost                           
    217      17     3576      10528              6808   0 dllhost                           
    166      11     5652      11252              7296   0 dllhost                           
    397      24     6060      15116       2.05  10084   1 dllhost                           
    367      28    28604      31824              1864   0 DolbyDAX2API                      
   1403      48   116432      78092              1740   1 dwm                               
    217      13     2040       9032              4620   0 EasyResume                        
    176      12     1664      21292              4360   0 EMP_UDSA                          
   4152     155   254568     270816     399.41   7864   1 explorer                          
    454      22    11720      30808       2.73  10232   1 FileCoAuth                        
     50       7     1880       3152              1008   0 fontdrvhost                       
     50      13     5708       6692              1192   1 fontdrvhost                       
    134       8     1564       5204              4416   0 ibmpmsvc                          
      0       0       60          8                 0   0 Idle                              
    172      10     1808       8560              2812   0 igfxCUIService                    
   1633      25     8884      25012      20.78   7152   1 igfxEM                            
    172       8     1532       7428              4272   0 IntelCpHDCPSvc                    
    143       7     1428       6960              5452   0 IntelCpHeciSvc                    
    141       8     1316       5832              4520   0 jhi_service                       
    424      26     7584      21124              4604   0 LMS                               
    797      34    21212      59888      11.02   8552   1 LockApp                           
     53       6     1256       3068               848   0 LsaIso                            
   1801      32    11836      29724               856   0 lsass                             
      0       0     2748     962204              2728   0 Memory Compression                
    504      17    13012      18616              4760   0 MpDefenderCoreService             
    229      13     8628      17164       0.11   2056   1 msedge                            
    216      17    24428      32528       0.17   3080   1 msedge                            
    254      14     9432      24248       0.56   3228   1 msedge                            
    416      28    79540      16596       7.91   3792   1 msedge                            
    360      18    18084      40724       8.39   9996   1 msedge                            
    760      30   109464     107340      65.45  10000   1 msedge                            
    199      12    10092      17624       0.31  10036   1 msedge                            
   1812      86    91064     195920     122.00  11148   1 msedge                            
    179       9     2380       7464       0.08  11180   1 msedge                            
    324      27   108540     149112      70.45  13868   1 msedge                            
   1371      53    43020     115820       8.78    980   1 msedgewebview2                    
    362      17    13324      38944       4.13   3040   1 msedgewebview2                    
    156       9     2484       6968       0.02   5992   1 msedgewebview2                    
    642      25    96324     111416      27.81   6980   1 msedgewebview2                    
    525      31   231040     250544      74.44   8228   1 msedgewebview2                    
    230      14     8912      19092       0.23   8800   1 msedgewebview2                    
    199      12    10096      20888       0.84  11584   1 msedgewebview2                    
    601      48    22748      38988      71.55  11020   1 mshta                             
    972     230   327624     151760              5108   0 MsMpEng                           
    129      12    33880       8320              4656   0 mysqld                            
    489     298   591724      62708              5404   0 mysqld                            
    211      11     4728      10440              8160   0 NisSrv                            
    320      15     3284      18700       0.33   9140   1 notepad                           
    242      13     2656      15084       0.34  16268   1 notepad                           
    417       8     2332       5844              4824   0 nssm                              
    283      26    21956      11480              4800   0 omtsreco                          
    934      55    60720     107648      31.39  10504   1 OneDrive                          
    508      27    38968      10652       0.58  17188   1 OneDrive.Sync.Service             
    390      21     4156       7972      12.95   6324   1 PowerMgr                          
    753      38    67528      81648       5.48  17248   1 powershell                        
    322      22     5952      12880              5608   1 RAVBg64                           
    323      22     5964       4264       0.69   6532   1 RAVBg64                           
    407      23     4436       2872       1.28   4888   1 RAVCpl64                          
      0      20    11496      51156               108   0 Registry                          
    176       9     1716       7120              3500   0 RtkAudioService64                 
    267      16     4272      16260       0.28   6272   1 rundll32                          
    405      20     4752      25944       0.72   5700   1 RuntimeBroker                     
    773      37    20012      54556      25.66   8100   1 RuntimeBroker                     
    373      23     8524      35988      10.33   8756   1 RuntimeBroker                     
    375      22    11776      30540      21.05   9736   1 RuntimeBroker                     
    503      26    11140      38264      10.97  12352   1 RuntimeBroker                     
    819      40    22940      80256      17.92   8892   1 SearchApp                         
   2095     147   209372     296840     135.61   9196   1 SearchApp                         
   1072      78    53388      54012              6012   0 SearchIndexer                     
      0       0      172      38140                56   0 Secure System                     
    398      15     4808      15484             10440   0 SecurityHealthService             
    167       9     1752       9360       0.50  10404   1 SecurityHealthSystray             
    824      12     6992       9676               828   0 services                          
    838      33    20760      61840       4.09   1312   1 ShellExperienceHost               
    601      18     7592      28136      16.94   6776   1 sihost                            
     53       3     1084       1104               432   0 smss                              
    464      21     6248      13880              3036   0 spoolsv                           
    150      10     1872       7676              4944   0 sqlwriter                         
     90       7     1444       5236             12256   0 ssh-agent                         
    647      34    26480      66788       7.78   8464   1 StartMenuExperienceHost           
   1471      20    11776      18080               800   0 svchost                           
   2054      23    15776      40720               972   0 svchost                           
    364      23     4844      22368              1068   0 svchost                           
    319      13     2872      10328              1072   0 svchost                           
    112       8     1264       5164              1268   0 svchost                           
    385      12     5544      17860              1324   0 svchost                           
    163      10     1988       9660              1348   0 svchost                           
    172      10     2000      12084              1356   0 svchost                           
    240      11     2880      13384              1364   0 svchost                           
    476       9     2292      11744              1416   0 svchost                           
    255      13     2560      10488              1452   0 svchost                           
    451      14    18552      16352              1548   0 svchost                           
    337      11     2672       8880              1640   0 svchost                           
    166      31     7012       9816              1700   0 svchost                           
    300      11     3312      11612              1712   0 svchost                           
    419      18     7112      14824              1720   0 svchost                           
    231      13     3920      14792              1732   0 svchost                           
    249      13     3268      13832              1820   0 svchost                           
    188       7     1656       5904              1824   0 svchost                           
    242      10     2528       7692              1908   0 svchost                           
    201      11     2140      10280              1992   0 svchost                           
    326      18     4988      20356              2004   0 svchost                           
    412      17     5408      13408              2148   0 svchost                           
    278      10     3288      11104              2156   0 svchost                           
    188      26    18612      23596              2224   0 svchost                           
    162       9     1828       7636              2340   0 svchost                           
    130       8     1428       6872              2420   0 svchost                           
    191       9     2016       7552              2500   0 svchost                           
    235      12     3128      14240              2556   0 svchost                           
    233       8     1368       5820              2588   0 svchost                           
    618      14     7464      12392              2692   0 svchost                           
    183      12     2096       9568              2764   0 svchost                           
    163      10     1968       7888              2908   0 svchost                           
    224       9     2288       7788              2916   0 svchost                           
    240      16     2444       7704              2936   0 svchost                           
    191      10     2256       7600              3056   0 svchost                           
    132       8     1468       6572              3176   0 svchost                           
    320      15     3856       9344              3196   0 svchost                           
    445      33    13428      21996              3348   0 svchost                           
    499      14     4272      16192              3412   0 svchost                           
    545      19    11396      19272              3536   0 svchost                           
    424      19    11068      20168              3548   0 svchost                           
    375      20     3040      11200              3648   0 svchost                           
    232      15     2624      10576              3708   0 svchost                           
    393      15     2772      10008              3724   0 svchost                           
    580      26     8052      25020              3980   0 svchost                           
    140       9     1444       6812              4020   0 svchost                           
    236      14     2776      14932              4028   0 svchost                           
    185      11     2048       7784              4128   0 svchost                           
    310      28     7300      16192              4280   0 svchost                           
    619      31    29852      39956              4296   0 svchost                           
    379      22    30108      29388              4320   0 svchost                           
    267      14     2776       8476              4464   0 svchost                           
    207      12     2436       9256              4784   0 svchost                           
    144       9     1868       6320              4848   0 svchost                           
    212      12     2124       7292              4908   0 svchost                           
    117       7     1316       5284              5048   0 svchost                           
    136       7     1332       5452              5068   0 svchost                           
    417      21     5156      22520              5128   0 svchost                           
    913      50     9288      28264              5576   0 svchost                           
    214      11     2752       9920              6432   0 svchost                           
    166      11     2328       9704              6724   0 svchost                           
    478      23    19088      43820      81.50   6820   1 svchost                           
    163       9     1744       8032              6952   0 svchost                           
    194      12     2636      11400              6988   0 svchost                           
    487      21     8204      49104       7.16   7008   1 svchost                           
    161      10     2160       7804              7124   0 svchost                           
    556      17     7784      13908              7236   0 svchost                           
    187       9     1812       7868              7252   0 svchost                           
    276      13     5388      10708              7584   0 svchost                           
    140       9     1712      11228       0.06   7764   1 svchost                           
    191      12     2288      10460              8012   0 svchost                           
    237      11     2512       8504              8172   0 svchost                           
    491      23     8900      37048       9.72   8196   1 svchost                           
    603      26     8144      27392     151.48   8592   1 svchost                           
    730      21    14084      26912              8992   0 svchost                           
    195      15     6176       9204              9044   0 svchost                           
    303      25     8556      16668              9168   0 svchost                           
    213      11     2584      10816              9716   0 svchost                           
    236      13     3148      10256             10416   0 svchost                           
    186     191     2348       7240             11848   0 svchost                           
    226      13     7808      19256             11872   0 svchost                           
    278      14     3920      14300             12172   0 svchost                           
    396      20     6672      23688             12272   0 svchost                           
    270      13     3036      10832             13416   0 svchost                           
    221      13     2988      11804             14508   0 svchost                           
    444      20     5772      26740             15388   0 svchost                           
    123       8     1312       5592             16096   0 svchost                           
    176       9     1688       7572             16660   0 svchost                           
    811      24     9924      28928     368.28   5616   1 SynTPEnh                          
    320      11     2340       8064              5000   0 SynTPEnhService                   
     92       7     1140       5184       0.03   7564   1 SynTPHelper                       
   4269       0      256      27304                 4   0 System                            
    874      43    26188       2116       1.33  13064   1 SystemSettings                    
    337      17     4124      16876       3.11   6236   1 TabTip                            
    323      46    11088      20432       5.33   6340   1 taskhostw                         
    129       9     1440       7140       0.06  14648   1 taskhostw                         
    768      31    24552      58736       9.28   9816   1 TextInputHost                     
    142      10     1940       9648       0.08   4652   1 UserOOBEBroker                    
    168      11     1440       5944               756   0 wininit                           
    293      14     4404      10988              1132   1 winlogon                          
    134       8     1372       6480              4188   0 wlanext                           
    189      13     4460      11032              3336   0 WmiPrvSE                          
    272      14     2784      12476              4844   0 WMIRegistrationService            
    406      23     8556      20592       1.67  10940   1 WSHelper                          
    360      17     4272      16968              5172   0 wslservice                        
    288      13     1996      10072             16444   0 WUDFHost                          



Handles  NPM(K)    PM(K)      WS(K)     CPU(s)     Id  SI ProcessName                       
-------  ------    -----      -----     ------     --  -- -----------                       
    134       8     4412       7888              7804   0 AggregatorHost                    
    349      21    10200      30312       1.19  11372   1 ApplicationFrameHost              
    211      12     9652      16084       0.30   4792   0 audiodg                           
    253      18    17556      21616       8.63   1672   1 chrome                            
    318      33   178152      74412      12.98   1844   1 chrome                            
    430      10     7108       9120       0.53   1952   1 chrome                            
    414      40   257624     250256     203.48   2200   1 chrome                            
    312      25    33124      52448       1.91   2368   1 chrome                            
    442      36   171512     128172      65.89   2724   1 chrome                            
   3182     132   241828     327132   2,366.92   2804   1 chrome                            
    355      28    73256     103300      31.28   3120   1 chrome                            
    305      23    33932      62852       1.58   4352   1 chrome                            
   1664      78   518528     284564   2,832.94   4748   1 chrome                            
    262      25    65736      66720       2.91   5140   1 chrome                            
    453      37   175276     207004     175.09   5996   1 chrome                            
    407      33    90144     130636      12.70   6120   1 chrome                            
    294      23    32696      53512       1.80   6204   1 chrome                            
    317      23    32360      50760       0.63   6428   1 chrome                            
    550      44   256460     256088      82.52   7632   1 chrome                            
    389      23    48844      78796       5.16   8292   1 chrome                            
    601      26    36044      42220       2.88   8628   1 chrome                            
    270      21    28272      46644       0.38   9208   1 chrome                            
    409      29    95152     130040      34.66   9212   1 chrome                            
    569      49    40840      66068     358.45   9300   1 chrome                            
    402      50   404504     161612     246.05   9640   1 chrome                            
    296      23    53136      71004      12.19   9864   1 chrome                            
    345      23    29812      47276       1.48  10120   1 chrome                            
    498      49   272876     256692      49.67  10512   1 chrome                            
    407      47   405572     378544      90.09  10516   1 chrome                            
    339      26    49936      68324       2.84  10720   1 chrome                            
    420      50   414372     353400     167.48  10776   1 chrome                            
    437      36   166044     182136      45.73  11996   1 chrome                            
    308      18    14460      25300     367.31  12276   1 chrome                            
    325      27    84172      82148       9.06  12676   1 chrome                            
    537      56   792092     261080     115.92  12768   1 chrome                            
    303      22    36288      53908       0.56  13040   1 chrome                            
    363      28   151112     110916      11.53  13116   1 chrome                            
    325      27    81360      86080       6.73  13664   1 chrome                            
    408      38   240104     211548     273.97  13872   1 chrome                            
    382      30   125908     120528      34.20  14176   1 chrome                            
    408      36   122384     156832      19.67  16048   1 chrome                            
    326      22    32616      65916       1.34  16224   1 chrome                            
    470      39   240572     121472     125.83  16368   1 chrome                            
    225      18    21808      32932       0.05  17004   1 chrome                            
    145       7     1456       8484       0.03   9040   1 CompPkgSrv                        
    108       7     6236       4476              4220   0 conhost                           
    133       9     6536       6348              5480   0 conhost                           
    279      14     5228      15840      11.72  13716   1 conhost                           
    801      25     2164       4688               664   0 csrss                             
    837      26     3172       6336               804   1 csrss                             
    717      18     5648      22352      39.88   7444   1 ctfmon                            
    120       7     1136       4724              2532   0 dasHost                           
    217      17     3576      10528              6808   0 dllhost                           
    166      11     5652      11252              7296   0 dllhost                           
    397      24     6060      15116       2.05  10084   1 dllhost                           
    367      28    28604      31824              1864   0 DolbyDAX2API                      
   1404      48   116432      78092              1740   1 dwm                               
    217      13     2040       9032              4620   0 EasyResume                        
    176      12     1664      21292              4360   0 EMP_UDSA                          
   4152     155   254568     270816     399.41   7864   1 explorer                          
    454      22    11720      30808       2.73  10232   1 FileCoAuth                        
     50       7     1880       3152              1008   0 fontdrvhost                       
     50      13     5708       6692              1192   1 fontdrvhost                       
    134       8     1564       5204              4416   0 ibmpmsvc                          
      0       0       60          8                 0   0 Idle                              
    172      10     1808       8560              2812   0 igfxCUIService                    
   1633      25     8884      25012      20.78   7152   1 igfxEM                            
    172       8     1532       7428              4272   0 IntelCpHDCPSvc                    
    143       7     1428       6960              5452   0 IntelCpHeciSvc                    
    141       8     1316       5832              4520   0 jhi_service                       
    424      26     7584      21124              4604   0 LMS                               
    797      34    21212      59888      11.02   8552   1 LockApp                           
     53       6     1256       3068               848   0 LsaIso                            
   1801      32    11836      29724               856   0 lsass                             
      0       0     2748     962204              2728   0 Memory Compression                
    504      17    13012      18616              4760   0 MpDefenderCoreService             
    229      13     8628      17164       0.11   2056   1 msedge                            
    216      17    24428      32528       0.17   3080   1 msedge                            
    254      14     9432      24248       0.56   3228   1 msedge                            
    416      28    79540      16596       7.91   3792   1 msedge                            
    360      18    18084      40724       8.39   9996   1 msedge                            
    760      30   109464     107340      65.45  10000   1 msedge                            
    199      12    10092      17624       0.31  10036   1 msedge                            
   1812      86    91064     195920     122.00  11148   1 msedge                            
    179       9     2380       7464       0.08  11180   1 msedge                            
    324      27   108540     149124      70.45  13868   1 msedge                            
   1371      53    43020     115820       8.78    980   1 msedgewebview2                    
    362      17    13324      38944       4.13   3040   1 msedgewebview2                    
    156       9     2484       6968       0.02   5992   1 msedgewebview2                    
    642      25    96324     111416      27.81   6980   1 msedgewebview2                    
    525      31   231040     250544      74.44   8228   1 msedgewebview2                    
    230      14     8912      19092       0.23   8800   1 msedgewebview2                    
    199      12    10096      20888       0.84  11584   1 msedgewebview2                    
    601      48    22748      38988      71.55  11020   1 mshta                             
    972     230   327624     151764              5108   0 MsMpEng                           
    129      12    33880       8320              4656   0 mysqld                            
    489     298   591724      62708              5404   0 mysqld                            
    211      11     4728      10440              8160   0 NisSrv                            
    320      15     3284      18700       0.33   9140   1 notepad                           
    242      13     2656      15084       0.34  16268   1 notepad                           
    417       8     2332       5844              4824   0 nssm                              
    283      26    21956      11480              4800   0 omtsreco                          
    934      55    60720     107648      31.39  10504   1 OneDrive                          
    508      27    38968      10652       0.58  17188   1 OneDrive.Sync.Service             
    390      21     4156       7972      12.95   6324   1 PowerMgr                          
    599      38    65004      85892       6.19  17248   1 powershell                        
    322      22     5952      12880              5608   1 RAVBg64                           
    323      22     5964       4264       0.69   6532   1 RAVBg64                           
    407      23     4436       2872       1.28   4888   1 RAVCpl64                          
      0      20    11496      51156               108   0 Registry                          
    176       9     1716       7120              3500   0 RtkAudioService64                 
    267      16     4272      16260       0.28   6272   1 rundll32                          
    405      20     4752      25944       0.72   5700   1 RuntimeBroker                     
    773      37    20012      54556      25.66   8100   1 RuntimeBroker                     
    373      23     8524      35988      10.33   8756   1 RuntimeBroker                     
    375      22    11776      30540      21.05   9736   1 RuntimeBroker                     
    503      26    11140      38264      10.97  12352   1 RuntimeBroker                     
    819      40    22940      80256      17.92   8892   1 SearchApp                         
   2095     147   209372     296840     135.61   9196   1 SearchApp                         
   1072      78    53388      54012              6012   0 SearchIndexer                     
      0       0      172      38140                56   0 Secure System                     
    398      15     4808      15484             10440   0 SecurityHealthService             
    167       9     1752       9360       0.50  10404   1 SecurityHealthSystray             
    824      12     6992       9676               828   0 services                          
    838      33    20760      61840       4.09   1312   1 ShellExperienceHost               
    601      18     7592      28136      16.94   6776   1 sihost                            
     53       3     1084       1104               432   0 smss                              
    464      21     6248      13880              3036   0 spoolsv                           
    150      10     1872       7676              4944   0 sqlwriter                         
     90       7     1444       5236             12256   0 ssh-agent                         
    647      34    26480      66788       7.78   8464   1 StartMenuExperienceHost           
   1471      20    11776      18080               800   0 svchost                           
   2054      23    15364      40316               972   0 svchost                           
    364      23     4844      22368              1068   0 svchost                           
    319      13     2872      10328              1072   0 svchost                           
    112       8     1264       5164              1268   0 svchost                           
    385      12     5544      17860              1324   0 svchost                           
    163      10     1988       9660              1348   0 svchost                           
    172      10     2000      12084              1356   0 svchost                           
    240      11     2880      13384              1364   0 svchost                           
    476       9     2292      11744              1416   0 svchost                           
    255      13     2560      10488              1452   0 svchost                           
    451      14    18552      16352              1548   0 svchost                           
    337      11     2672       8880              1640   0 svchost                           
    166      31     7012       9816              1700   0 svchost                           
    300      11     3312      11612              1712   0 svchost                           
    419      18     7112      14824              1720   0 svchost                           
    231      13     3916      14780              1732   0 svchost                           
    249      13     3268      13832              1820   0 svchost                           
    188       7     1656       5904              1824   0 svchost                           
    242      10     2528       7692              1908   0 svchost                           
    201      11     2140      10280              1992   0 svchost                           
    326      18     4988      20356              2004   0 svchost                           
    412      17     5408      13408              2148   0 svchost                           
    278      10     3288      11104              2156   0 svchost                           
    188      26    18612      23596              2224   0 svchost                           
    162       9     1828       7636              2340   0 svchost                           
    130       8     1428       6872              2420   0 svchost                           
    191       9     2016       7552              2500   0 svchost                           
    235      12     3128      14240              2556   0 svchost                           
    233       8     1368       5820              2588   0 svchost                           
    618      14     7464      12392              2692   0 svchost                           
    183      12     2096       9568              2764   0 svchost                           
    163      10     1968       7888              2908   0 svchost                           
    224       9     2288       7788              2916   0 svchost                           
    240      16     2444       7704              2936   0 svchost                           
    191      10     2256       7600              3056   0 svchost                           
    132       8     1468       6572              3176   0 svchost                           
    320      15     3856       9344              3196   0 svchost                           
    445      33    13428      21996              3348   0 svchost                           
    499      14     4272      16192              3412   0 svchost                           
    545      19    11396      19272              3536   0 svchost                           
    424      19    11068      20168              3548   0 svchost                           
    375      20     3040      11200              3648   0 svchost                           
    232      15     2624      10576              3708   0 svchost                           
    393      15     2772      10008              3724   0 svchost                           
    580      26     8052      25020              3980   0 svchost                           
    140       9     1444       6812              4020   0 svchost                           
    236      14     2776      14932              4028   0 svchost                           
    185      11     2048       7784              4128   0 svchost                           
    310      28     7300      16192              4280   0 svchost                           
    619      31    29852      39956              4296   0 svchost                           
    379      22    29360      28752              4320   0 svchost                           
    267      14     2776       8476              4464   0 svchost                           
    207      12     2436       9256              4784   0 svchost                           
    144       9     1868       6320              4848   0 svchost                           
    212      12     2124       7292              4908   0 svchost                           
    117       7     1316       5284              5048   0 svchost                           
    136       7     1332       5452              5068   0 svchost                           
    417      21     5156      22520              5128   0 svchost                           
    913      50     9288      28264              5576   0 svchost                           
    214      11     2752       9920              6432   0 svchost                           
    166      11     2328       9704              6724   0 svchost                           
    478      23    19088      43820      81.50   6820   1 svchost                           
    163       9     1744       8032              6952   0 svchost                           
    194      12     2636      11400              6988   0 svchost                           
    487      21     8204      49104       7.16   7008   1 svchost                           
    161      10     2160       7804              7124   0 svchost                           
    556      17     7784      13908              7236   0 svchost                           
    187       9     1812       7868              7252   0 svchost                           
    276      13     5388      10708              7584   0 svchost                           
    140       9     1712      11228       0.06   7764   1 svchost                           
    191      12     2288      10460              8012   0 svchost                           
    237      11     2512       8504              8172   0 svchost                           
    491      23     8900      37048       9.72   8196   1 svchost                           
    603      26     8144      27392     151.48   8592   1 svchost                           
    730      21    14084      26912              8992   0 svchost                           
    195      15     6176       9204              9044   0 svchost                           
    303      25     8556      16668              9168   0 svchost                           
    213      11     2584      10816              9716   0 svchost                           
    236      13     3148      10256             10416   0 svchost                           
    186     191     2348       7240             11848   0 svchost                           
    226      13     7808      19256             11872   0 svchost                           
    278      14     3920      14300             12172   0 svchost                           
    396      20     6672      23688             12272   0 svchost                           
    270      13     3036      10832             13416   0 svchost                           
    221      13     2988      11804             14508   0 svchost                           
    444      20     5772      26740             15388   0 svchost                           
    123       8     1312       5592             16096   0 svchost                           
    176       9     1688       7572             16660   0 svchost                           
    811      24     9924      28928     368.30   5616   1 SynTPEnh                          
    320      11     2340       8064              5000   0 SynTPEnhService                   
     92       7     1140       5184       0.03   7564   1 SynTPHelper                       
   4269       0      256      27304                 4   0 System                            
    874      43    26188       2116       1.33  13064   1 SystemSettings                    
    337      17     4124      16876       3.11   6236   1 TabTip                            
    323      46    11088      20432       5.33   6340   1 taskhostw                         
    129       9     1440       7140       0.06  14648   1 taskhostw                         
    768      31    24552      58736       9.28   9816   1 TextInputHost                     
    142      10     1940       9648       0.08   4652   1 UserOOBEBroker                    
    168      11     1440       5944               756   0 wininit                           
    293      14     4404      10988              1132   1 winlogon                          
    134       8     1372       6480              4188   0 wlanext                           
    189      13     4460      11032              3336   0 WmiPrvSE                          
    272      14     2784      12476              4844   0 WMIRegistrationService            
    406      23     8556      20592       1.67  10940   1 WSHelper                          
    360      17     4272      16968              5172   0 wslservice                        
    288      13     1996      10072             16444   0 WUDFHost                          



